slope/slope-1011.png 47.809473 8.523298 250000 701 481 
slope/slope-1012.png 47.807065 8.756879 250000 701 481 
slope/slope-1031.png 47.701567 8.521090 250000 701 481 
slope/slope-1032.png 47.699163 8.754197 250000 701 481 
slope/slope-1033.png 47.696292 8.987281 250000 701 481 
slope/slope-1034.png 47.692953 9.220339 250000 701 481 
slope/slope-1035.png 47.689147 9.453367 250000 701 481 
slope/slope-1047.png 47.598588 7.588220 250000 701 481 
slope/slope-1048.png 47.598055 7.820901 250000 701 481 
slope/slope-1049.png 47.597055 8.053576 250000 701 481 
slope/slope-1050.png 47.595589 8.286241 250000 701 481 
slope/slope-1051.png 47.593656 8.518892 250000 701 481 
slope/slope-1052.png 47.591257 8.751524 250000 701 481 
slope/slope-1053.png 47.588392 8.984135 250000 701 481 
slope/slope-1054.png 47.585059 9.216719 250000 701 481 
slope/slope-1055.png 47.581261 9.449274 250000 701 481 
slope/slope-1056.png 47.576995 9.681795 250000 701 481 
slope/slope-1064.png 47.489466 6.891288 250000 701 481 
slope/slope-1065.png 47.490331 7.123493 250000 701 481 
slope/slope-1066.png 47.490730 7.355704 250000 701 481 
slope/slope-1067.png 47.490663 7.587916 250000 701 481 
slope/slope-1068.png 47.490131 7.820126 250000 701 481 
slope/slope-1069.png 47.489133 8.052329 250000 701 481 
slope/slope-1070.png 47.487670 8.284523 250000 701 481 
slope/slope-1071.png 47.485741 8.516701 250000 701 481 
slope/slope-1072.png 47.483347 8.748862 250000 701 481 
slope/slope-1073.png 47.481486 8.981001 250000 701 481 
slope/slope-1074.png 47.477161 9.213114 250000 701 481 
slope/slope-1075.png 47.473369 9.445197 250000 701 481 
slope/slope-1076.png 47.469112 9.677246 250000 701 481 
slope/slope-1084.png 47.381539 6.892396 250000 701 481 
slope/slope-1085.png 47.382402 7.124131 250000 701 481 
slope/slope-1086.png 47.382801 7.355872 250000 701 481 
slope/slope-1087.png 47.382734 7.587614 250000 701 481 
slope/slope-1088.png 47.382203 7.819354 250000 701 481 
slope/slope-1089.png 47.381207 8.051088 250000 701 481 
slope/slope-1090.png 47.379747 8.282811 250000 701 481 
slope/slope-1091.png 47.377822 8.514520 250000 701 481 
slope/slope-1092.png 47.375432 8.746210 250000 701 481 
slope/slope-1093.png 47.372577 8.977879 250000 701 481 
slope/slope-1094.png 47.369258 9.209522 250000 701 481 
slope/slope-1095.png 47.365474 9.441135 250000 701 481 
slope/slope-1096.png 47.361226 9.672715 250000 701 481 
slope/slope-1104.png 47.273609 6.893499 250000 701 481 
slope/slope-1105.png 47.274470 7.124766 250000 701 481 
slope/slope-1106.png 47.274868 7.356039 250000 701 481 
slope/slope-1107.png 47.274812 7.587313 250000 701 481 
slope/slope-1108.png 47.274272 7.818585 250000 701 481 
slope/slope-1109.png 47.273278 8.049850 250000 701 481 
slope/slope-1110.png 47.271820 8.281105 250000 701 481 
slope/slope-1111.png 47.269899 8.512346 250000 701 481 
slope/slope-1112.png 47.267514 8.743569 250000 701 481 
slope/slope-1113.png 47.264665 8.974770 250000 701 481 
slope/slope-1114.png 47.261352 9.205945 250000 701 481 
slope/slope-1115.png 47.257576 9.437090 250000 701 481 
slope/slope-1116.png 47.253335 9.668201 250000 701 481 
slope/slope-1123.png 47.164353 6.663806 250000 701 481 
slope/slope-1124.png 47.165675 6.894598 250000 701 481 
slope/slope-1125.png 47.166535 7.125399 250000 701 481 
slope/slope-1126.png 47.166932 7.356206 250000 701 481 
slope/slope-1127.png 47.166866 7.587014 250000 701 481 
slope/slope-1128.png 47.166337 7.817819 250000 701 481 
slope/slope-1129.png 47.165345 8.048618 250000 701 481 
slope/slope-1130.png 47.163890 8.279407 250000 701 481 
slope/slope-1131.png 47.161973 8.510181 250000 701 481 
slope/slope-1132.png 47.159592 8.740938 250000 701 481 
slope/slope-1133.png 47.156749 8.971672 250000 701 481 
slope/slope-1134.png 47.153443 9.202381 250000 701 481 
slope/slope-1135.png 47.149674 9.433060 250000 701 481 
slope/slope-1136.png 47.145442 9.663705 250000 701 481 
slope/slope-1143.png 47.056419 6.665365 250000 701 481 
slope/slope-1144.png 47.057739 6.895693 250000 701 481 
slope/slope-1145.png 47.058597 7.126030 250000 701 481 
slope/slope-1146.png 47.058993 7.356372 250000 701 481 
slope/slope-1147.png 47.058927 7.586715 250000 701 481 
slope/slope-1148.png 47.058399 7.817056 250000 701 481 
slope/slope-1149.png 47.057409 8.047391 250000 701 481 
slope/slope-1150.png 47.055957 8.277715 250000 701 481 
slope/slope-1151.png 47.054043 8.508025 250000 701 481 
slope/slope-1152.png 47.051668 8.738317 250000 701 481 
slope/slope-1153.png 47.048830 8.968587 250000 701 481 
slope/slope-1154.png 47.045530 9.198831 250000 701 481 
slope/slope-1155.png 47.041769 9.429046 250000 701 481 
slope/slope-1156.png 47.037545 9.659226 250000 701 481 
slope/slope-1157.png 47.032860 9.889370 250000 701 481 
slope/slope-1162.png 46.946705 6.437066 250000 701 481 
slope/slope-1163.png 46.948483 6.666918 250000 701 481 
slope/slope-1164.png 46.949800 6.896783 250000 701 481 
slope/slope-1165.png 46.950657 7.126657 250000 701 481 
slope/slope-1166.png 46.951052 7.356537 250000 701 481 
slope/slope-1167.png 46.950986 7.586418 250000 701 481 
slope/slope-1168.png 46.950459 7.816296 250000 701 481 
slope/slope-1169.png 46.949471 8.046168 250000 701 481 
slope/slope-1170.png 46.948122 8.276030 250000 701 481 
slope/slope-1171.png 46.946112 8.505877 250000 701 481 
slope/slope-1172.png 46.943741 8.735707 250000 701 481 
slope/slope-1173.png 46.940909 8.965514 250000 701 481 
slope/slope-1174.png 46.937616 9.195296 250000 701 481 
slope/slope-1175.png 46.933862 9.425047 250000 701 481 
slope/slope-1176.png 46.929646 9.654766 250000 701 481 
slope/slope-1177.png 46.924970 9.884446 250000 701 481 
slope/slope-1178.png 46.919833 10.114085 250000 701 481 
slope/slope-1182.png 46.838770 6.439074 250000 701 481 
slope/slope-1183.png 46.840545 6.668465 250000 701 481 
slope/slope-1184.png 46.841860 6.897869 250000 701 481 
slope/slope-1185.png 46.842714 7.127283 250000 701 481 
slope/slope-1186.png 46.843108 7.356701 250000 701 481 
slope/slope-1187.png 46.843043 7.586122 250000 701 481 
slope/slope-1188.png 46.842517 7.815539 250000 701 481 
slope/slope-1189.png 46.841531 8.044950 250000 701 481 
slope/slope-1190.png 46.840085 8.274351 250000 701 481 
slope/slope-1191.png 46.838178 8.503738 250000 701 481 
slope/slope-1192.png 46.835812 8.733106 250000 701 481 
slope/slope-1193.png 46.832986 8.962453 250000 701 481 
slope/slope-1194.png 46.829699 9.191774 250000 701 481 
slope/slope-1195.png 46.825952 9.421065 250000 701 481 
slope/slope-1196.png 46.821745 9.650322 250000 701 481 
slope/slope-1197.png 46.817078 9.879542 250000 701 481 
slope/slope-1198.png 46.811951 10.108720 250000 701 481 
slope/slope-1201.png 46.728603 6.212158 250000 701 481 
slope/slope-1202.png 46.730834 6.441074 250000 701 481 
slope/slope-1203.png 46.732605 6.67016 250000 701 481 
slope/slope-1204.png 46.733917 6.898951 250000 701 481 
slope/slope-1205.png 46.734770 7.127906 250000 701 481 
slope/slope-1206.png 46.735164 7.356865 250000 701 481 
slope/slope-1207.png 46.735098 7.585826 250000 701 481 
slope/slope-1208.png 46.734573 7.814785 250000 701 481 
slope/slope-1209.png 46.733589 8.043737 250000 701 481 
slope/slope-1210.png 46.732146 8.272679 250000 701 481 
slope/slope-1211.png 46.730243 8.501607 250000 701 481 
slope/slope-1212.png 46.727882 8.730517 250000 701 481 
slope/slope-1213.png 46.725061 8.959404 250000 701 481 
slope/slope-1214.png 46.721781 9.188266 250000 701 481 
slope/slope-1215.png 46.718041 9.417098 250000 701 481 
slope/slope-1216.png 46.713843 9.645897 250000 701 481 
slope/slope-1217.png 46.709185 9.874657 250000 701 481 
slope/slope-1218.png 46.704068 10.103377 250000 701 481 
slope/slope-1221.png 46.620670 6.214607 250000 701 481 
slope/slope-1222.png 46.622896 6.443065 250000 701 481 
slope/slope-1223.png 46.624664 6.671541 250000 701 481 
slope/slope-1224.png 46.625973 6.900029 250000 701 481 
slope/slope-1225.png 46.626825 7.128526 250000 701 481 
slope/slope-1226.png 46.627217 7.357029 250000 701 481 
slope/slope-1227.png 46.627152 7.585533 250000 701 481 
slope/slope-1228.png 46.626628 7.814034 250000 701 481 
slope/slope-1229.png 46.625646 8.042529 250000 701 481 
slope/slope-1230.png 46.624206 8.271014 250000 701 481 
slope/slope-1231.png 46.622307 8.499485 250000 701 481 
slope/slope-1232.png 46.619950 8.727937 250000 701 481 
slope/slope-1233.png 46.617135 8.956368 250000 701 481 
slope/slope-1234.png 46.613861 9.184772 250000 701 481 
slope/slope-1235.png 46.610129 9.413147 250000 701 481 
slope/slope-1236.png 46.605939 9.641489 250000 701 481 
slope/slope-1237.png 46.601291 9.869792 250000 701 481 
slope/slope-1238.png 46.596184 10.098055 250000 701 481 
slope/slope-1240.png 46.510057 5.989065 250000 701 481 
slope/slope-1241.png 46.512736 6.217046 250000 701 481 
slope/slope-1242.png 46.514958 6.445049 250000 701 481 
slope/slope-1243.png 46.516722 6.673069 250000 701 481 
slope/slope-1244.png 46.518029 6.901102 250000 701 481 
slope/slope-1245.png 46.518878 7.129144 250000 701 481 
slope/slope-1246.png 46.519270 7.357191 250000 701 481 
slope/slope-1247.png 46.519205 7.585240 250000 701 481 
slope/slope-1248.png 46.518682 7.813286 250000 701 481 
slope/slope-1249.png 46.517702 8.041326 250000 701 481 
slope/slope-1250.png 46.516265 8.269355 250000 701 481 
slope/slope-1251.png 46.514370 8.497371 250000 701 481 
slope/slope-1252.png 46.512018 8.725368 250000 701 481 
slope/slope-1253.png 46.509208 8.953343 250000 701 481 
slope/slope-1254.png 46.505941 9.181293 250000 701 481 
slope/slope-1255.png 46.502216 9.409212 250000 701 481 
slope/slope-1256.png 46.498035 9.637098 250000 701 481 
slope/slope-1257.png 46.493395 9.864947 250000 701 481 
slope/slope-1258.png 46.488299 10.092754 250000 701 481 
slope/slope-1260.png 46.402128 5.991947 250000 701 481 
slope/slope-1261.png 46.404812 6.219476 250000 701 481 
slope/slope-1262.png 46.407019 6.447025 250000 701 481 
slope/slope-1263.png 46.408780 6.674591 250000 701 481 
slope/slope-1264.png 46.410084 6.902171 250000 701 481 
slope/slope-1265.png 46.410932 7.129759 250000 701 481 
slope/slope-1266.png 46.411323 7.357353 250000 701 481 
slope/slope-1267.png 46.411258 7.584948 250000 701 481 
slope/slope-1268.png 46.410736 7.812541 250000 701 481 
slope/slope-1269.png 46.409758 8.040127 250000 701 481 
slope/slope-1270.png 46.408323 8.267703 250000 701 481 
slope/slope-1271.png 46.406432 8.495265 250000 701 481 
slope/slope-1272.png 46.404085 8.722809 250000 701 481 
slope/slope-1273.png 46.401281 8.950331 250000 701 481 
slope/slope-1274.png 46.398020 9.177827 250000 701 481 
slope/slope-1275.png 46.394303 9.405293 250000 701 481 
slope/slope-1276.png 46.390130 9.632725 250000 701 481 
slope/slope-1277.png 46.385500 9.860120 250000 701 481 
slope/slope-1278.png 46.380413 10.087474 250000 701 481 
slope/slope-1280.png 46.294199 5.994818 250000 701 481 
slope/slope-1281.png 46.296868 6.221895 250000 701 481 
## slope/slope-1283.png 46.300838 6.676108 250000 701 481 # nur 61x481 
slope/slope-1284.png 46.302139 6.903235 250000 701 481 
slope/slope-1285.png 46.302985 7.130372 250000 701 481 
slope/slope-1286.png 46.303376 7.357514 250000 701 481 
slope/slope-1287.png 46.303311 7.584658 250000 701 481 
slope/slope-1288.png 46.302790 7.811799 250000 701 481 
slope/slope-1289.png 46.301814 8.038934 250000 701 481 
slope/slope-1290.png 46.300382 8.266058 250000 701 481 
slope/slope-1291.png 46.298495 8.493168 250000 701 481 
slope/slope-1292.png 46.296152 8.720261 250000 701 481 
slope/slope-1293.png 46.293353 8.947331 250000 701 481 
slope/slope-1294.png 46.290099 9.174375 250000 701 481 
slope/slope-1296.png 46.282225 9.628370 250000 701 481 
slope/slope-1298.png 46.272528 10.082215 250000 701 481 
slope/slope-1300.png 46.186271 5.997678 250000 701 481 
slope/slope-1301.png 46.188934 6.224305 250000 701 481 
slope/slope-1304.png 46.194195 6.904296 250000 701 481 
slope/slope-1305.png 46.195039 7.130983 250000 701 481 
slope/slope-1306.png 46.195429 7.357675 250000 701 481 
slope/slope-1307.png 46.195364 7.584369 250000 701 481 
slope/slope-1308.png 46.194844 7.811060 250000 701 481 
slope/slope-1309.png 46.193870 8.037745 250000 701 481 
## slope/slope-1310.png 46.192441 8.264420 250000 701 481 # nur 61x481 
slope/slope-1311.png 46.190558 8.491080 250000 701 481 
slope/slope-1312.png 46.188219 8.717722 250000 701 481 
slope/slope-1313.png 46.185427 8.944343 250000 701 481 
slope/slope-1314.png 46.182179 9.170937 250000 701 481 
slope/slope-1324.png 46.086251 6.905352 250000 701 481 
slope/slope-1325.png 46.087094 7.131591 250000 701 481 
slope/slope-1326.png 46.087483 7.357835 250000 701 481 
slope/slope-1327.png 46.087418 7.584081 250000 701 481 
slope/slope-1328.png 46.086899 7.810324 250000 701 481 
slope/slope-1329.png 46.085927 8.036561 250000 701 481 
slope/slope-1332.png 46.080288 8.715194 250000 701 481 
slope/slope-1333.png 46.077500 8.941367 250000 701 481 
slope/slope-1334.png 46.074259 9.167513 250000 701 481 
slope/slope-1344.png 45.978309 6.906403 250000 701 481 
slope/slope-1345.png 45.979150 7.132196 250000 701 481 
slope/slope-1346.png 45.979538 7.357994 250000 701 481 
slope/slope-1347.png 45.979473 7.583794 250000 701 481 
slope/slope-1348.png 45.978956 7.809591 250000 701 481 
slope/slope-1349.png 45.977985 8.035382 250000 701 481 
slope/slope-1352.png 45.972357 8.712677 250000 701 481 
slope/slope-1353.png 45.969576 8.938403 250000 701 481 
slope/slope-1365.png 45.871207 7.132799 250000 701 481 
slope/slope-1366.png 45.871594 7.358153 250000 701 481 
slope/slope-1373.png 45.861652 8.935451 250000 701 481 
slope/slope-1374.png 45.858424 9.160707 250000 701 481 
slope/slope-1159.png 47.022103 10.349528 250000 701 481 
slope/slope-1179.png 46.914234 10.343679 250000 701 481 
slope/slope-1199.png 46.806364 10.337853 250000 701 481 
slope/slope-1219.png 46.698492 10.332051 250000 701 481 
slope/slope-1239.png 46.590619 10.326271 250000 701 481 
slope/slope-2180.png 46.908175 10.573224 250000 701 481 
slope/slope-2200.png 46.800317 10.566937 250000 701 481 
slope/slope-2220.png 46.692457 10.560676 250000 701 481 
slope/slope-2240.png 46.584595 10.554439 250000 701 481 
