dhm25/ch1000.mlt 46.83919  8.38905  10000000 386 229
dhm25/MM1011.MLT 47.809473 8.523298 250000 701 481 
dhm25/MM1012.MLT 47.807065 8.756879 250000 701 481 
dhm25/MM1031.MLT 47.701567 8.521090 250000 701 481 
dhm25/MM1032.MLT 47.699163 8.754197 250000 701 481 
dhm25/MM1033.MLT 47.696292 8.987281 250000 701 481 
dhm25/MM1034.MLT 47.692953 9.220339 250000 701 481 
dhm25/MM1035.MLT 47.689147 9.453367 250000 701 481 
dhm25/MM1047.MLT 47.598588 7.588220 250000 701 481 
dhm25/MM1048.MLT 47.598055 7.820901 250000 701 481 
dhm25/MM1049.MLT 47.597055 8.053576 250000 701 481 
dhm25/MM1050.MLT 47.595589 8.286241 250000 701 481 
dhm25/MM1051.MLT 47.593656 8.518892 250000 701 481 
dhm25/MM1052.MLT 47.591257 8.751524 250000 701 481 
dhm25/MM1053.MLT 47.588392 8.984135 250000 701 481 
dhm25/MM1054.MLT 47.585059 9.216719 250000 701 481 
dhm25/MM1055.MLT 47.581261 9.449274 250000 701 481 
dhm25/MM1056.MLT 47.576995 9.681795 250000 701 481 
dhm25/MM1064.MLT 47.489466 6.891288 250000 701 481 
dhm25/MM1065.MLT 47.490331 7.123493 250000 701 481 
dhm25/MM1066.MLT 47.490730 7.355704 250000 701 481 
dhm25/MM1067.MLT 47.490663 7.587916 250000 701 481 
dhm25/MM1068.MLT 47.490131 7.820126 250000 701 481 
dhm25/MM1069.MLT 47.489133 8.052329 250000 701 481 
dhm25/MM1070.MLT 47.487670 8.284523 250000 701 481 
dhm25/MM1071.MLT 47.485741 8.516701 250000 701 481 
dhm25/MM1072.MLT 47.483347 8.748862 250000 701 481 
dhm25/MM1073.MLT 47.481486 8.981001 250000 701 481 
dhm25/MM1074.MLT 47.477161 9.213114 250000 701 481 
dhm25/MM1075.MLT 47.473369 9.445197 250000 701 481 
dhm25/MM1076.MLT 47.469112 9.677246 250000 701 481 
dhm25/MM1084.MLT 47.381539 6.892396 250000 701 481 
dhm25/MM1085.MLT 47.382402 7.124131 250000 701 481 
dhm25/MM1086.MLT 47.382801 7.355872 250000 701 481 
dhm25/MM1087.MLT 47.382734 7.587614 250000 701 481 
dhm25/MM1088.MLT 47.382203 7.819354 250000 701 481 
dhm25/MM1089.MLT 47.381207 8.051088 250000 701 481 
dhm25/MM1090.MLT 47.379747 8.282811 250000 701 481 
dhm25/MM1091.MLT 47.377822 8.514520 250000 701 481 
dhm25/MM1092.MLT 47.375432 8.746210 250000 701 481 
dhm25/MM1093.MLT 47.372577 8.977879 250000 701 481 
dhm25/MM1094.MLT 47.369258 9.209522 250000 701 481 
dhm25/MM1095.MLT 47.365474 9.441135 250000 701 481 
dhm25/MM1096.MLT 47.361226 9.672715 250000 701 481 
dhm25/MM1104.MLT 47.273609 6.893499 250000 701 481 
dhm25/MM1105.MLT 47.274470 7.124766 250000 701 481 
dhm25/MM1106.MLT 47.274868 7.356039 250000 701 481 
dhm25/MM1107.MLT 47.274812 7.587313 250000 701 481 
dhm25/MM1108.MLT 47.274272 7.818585 250000 701 481 
dhm25/MM1109.MLT 47.273278 8.049850 250000 701 481 
dhm25/MM1110.MLT 47.271820 8.281105 250000 701 481 
dhm25/MM1111.MLT 47.269899 8.512346 250000 701 481 
dhm25/MM1112.MLT 47.267514 8.743569 250000 701 481 
dhm25/MM1113.MLT 47.264665 8.974770 250000 701 481 
dhm25/MM1114.MLT 47.261352 9.205945 250000 701 481 
dhm25/MM1115.MLT 47.257576 9.437090 250000 701 481 
dhm25/MM1116.MLT 47.253335 9.668201 250000 701 481 
dhm25/MM1123.MLT 47.164353 6.663806 250000 701 481 
dhm25/MM1124.MLT 47.165675 6.894598 250000 701 481 
dhm25/MM1125.MLT 47.166535 7.125399 250000 701 481 
dhm25/MM1126.MLT 47.166932 7.356206 250000 701 481 
dhm25/MM1127.MLT 47.166866 7.587014 250000 701 481 
dhm25/MM1128.MLT 47.166337 7.817819 250000 701 481 
dhm25/MM1129.MLT 47.165345 8.048618 250000 701 481 
dhm25/MM1130.MLT 47.163890 8.279407 250000 701 481 
dhm25/MM1131.MLT 47.161973 8.510181 250000 701 481 
dhm25/MM1132.MLT 47.159592 8.740938 250000 701 481 
dhm25/MM1133.MLT 47.156749 8.971672 250000 701 481 
dhm25/MM1134.MLT 47.153443 9.202381 250000 701 481 
dhm25/MM1135.MLT 47.149674 9.433060 250000 701 481 
dhm25/MM1136.MLT 47.145442 9.663705 250000 701 481 
dhm25/MM1143.MLT 47.056419 6.665365 250000 701 481 
dhm25/MM1144.MLT 47.057739 6.895693 250000 701 481 
dhm25/MM1145.MLT 47.058597 7.126030 250000 701 481 
dhm25/MM1146.MLT 47.058993 7.356372 250000 701 481 
dhm25/MM1147.MLT 47.058927 7.586715 250000 701 481 
dhm25/MM1148.MLT 47.058399 7.817056 250000 701 481 
dhm25/MM1149.MLT 47.057409 8.047391 250000 701 481 
dhm25/MM1150.MLT 47.055957 8.277715 250000 701 481 
dhm25/MM1151.MLT 47.054043 8.508025 250000 701 481 
dhm25/MM1152.MLT 47.051668 8.738317 250000 701 481 
dhm25/MM1153.MLT 47.048830 8.968587 250000 701 481 
dhm25/MM1154.MLT 47.045530 9.198831 250000 701 481 
dhm25/MM1155.MLT 47.041769 9.429046 250000 701 481 
dhm25/MM1156.MLT 47.037545 9.659226 250000 701 481 
dhm25/MM1157.MLT 47.032860 9.889370 250000 701 481 
dhm25/MM1162.MLT 46.946705 6.437066 250000 701 481 
dhm25/MM1163.MLT 46.948483 6.666918 250000 701 481 
dhm25/MM1164.MLT 46.949800 6.896783 250000 701 481 
dhm25/MM1165.MLT 46.950657 7.126657 250000 701 481 
dhm25/MM1166.MLT 46.951052 7.356537 250000 701 481 
dhm25/MM1167.MLT 46.950986 7.586418 250000 701 481 
dhm25/MM1168.MLT 46.950459 7.816296 250000 701 481 
dhm25/MM1169.MLT 46.949471 8.046168 250000 701 481 
dhm25/MM1170.MLT 46.948122 8.276030 250000 701 481 
dhm25/MM1171.MLT 46.946112 8.505877 250000 701 481 
dhm25/MM1172.MLT 46.943741 8.735707 250000 701 481 
dhm25/MM1173.MLT 46.940909 8.965514 250000 701 481 
dhm25/MM1174.MLT 46.937616 9.195296 250000 701 481 
dhm25/MM1175.MLT 46.933862 9.425047 250000 701 481 
dhm25/MM1176.MLT 46.929646 9.654766 250000 701 481 
dhm25/MM1177.MLT 46.924970 9.884446 250000 701 481 
dhm25/MM1178.MLT 46.919833 10.114085 250000 701 481 
dhm25/MM1182.MLT 46.838770 6.439074 250000 701 481 
dhm25/MM1183.MLT 46.840545 6.668465 250000 701 481 
dhm25/MM1184.MLT 46.841860 6.897869 250000 701 481 
dhm25/MM1185.MLT 46.842714 7.127283 250000 701 481 
dhm25/MM1186.MLT 46.843108 7.356701 250000 701 481 
dhm25/MM1187.MLT 46.843043 7.586122 250000 701 481 
dhm25/MM1188.MLT 46.842517 7.815539 250000 701 481 
dhm25/MM1189.MLT 46.841531 8.044950 250000 701 481 
dhm25/MM1190.MLT 46.840085 8.274351 250000 701 481 
dhm25/MM1191.MLT 46.838178 8.503738 250000 701 481 
dhm25/MM1192.MLT 46.835812 8.733106 250000 701 481 
dhm25/MM1193.MLT 46.832986 8.962453 250000 701 481 
dhm25/MM1194.MLT 46.829699 9.191774 250000 701 481 
dhm25/MM1195.MLT 46.825952 9.421065 250000 701 481 
dhm25/MM1196.MLT 46.821745 9.650322 250000 701 481 
dhm25/MM1197.MLT 46.817078 9.879542 250000 701 481 
dhm25/MM1198.MLT 46.811951 10.108720 250000 701 481 
dhm25/MM1201.MLT 46.728603 6.212158 250000 701 481 
dhm25/MM1202.MLT 46.730834 6.441074 250000 701 481 
dhm25/MM1203.MLT 46.732605 6.67016 250000 701 481 
dhm25/MM1204.MLT 46.733917 6.898951 250000 701 481 
dhm25/MM1205.MLT 46.734770 7.127906 250000 701 481 
dhm25/MM1206.MLT 46.735164 7.356865 250000 701 481 
dhm25/MM1207.MLT 46.735098 7.585826 250000 701 481 
dhm25/MM1208.MLT 46.734573 7.814785 250000 701 481 
dhm25/MM1209.MLT 46.733589 8.043737 250000 701 481 
dhm25/MM1210.MLT 46.732146 8.272679 250000 701 481 
dhm25/MM1211.MLT 46.730243 8.501607 250000 701 481 
dhm25/MM1212.MLT 46.727882 8.730517 250000 701 481 
dhm25/MM1213.MLT 46.725061 8.959404 250000 701 481 
dhm25/MM1214.MLT 46.721781 9.188266 250000 701 481 
dhm25/MM1215.MLT 46.718041 9.417098 250000 701 481 
dhm25/MM1216.MLT 46.713843 9.645897 250000 701 481 
dhm25/MM1217.MLT 46.709185 9.874657 250000 701 481 
dhm25/MM1218.MLT 46.704068 10.103377 250000 701 481 
dhm25/MM1221.MLT 46.620670 6.214607 250000 701 481 
dhm25/MM1222.MLT 46.622896 6.443065 250000 701 481 
dhm25/MM1223.MLT 46.624664 6.671541 250000 701 481 
dhm25/MM1224.MLT 46.625973 6.900029 250000 701 481 
dhm25/MM1225.MLT 46.626825 7.128526 250000 701 481 
dhm25/MM1226.MLT 46.627217 7.357029 250000 701 481 
dhm25/MM1227.MLT 46.627152 7.585533 250000 701 481 
dhm25/MM1228.MLT 46.626628 7.814034 250000 701 481 
dhm25/MM1229.MLT 46.625646 8.042529 250000 701 481 
dhm25/MM1230.MLT 46.624206 8.271014 250000 701 481 
dhm25/MM1231.MLT 46.622307 8.499485 250000 701 481 
dhm25/MM1232.MLT 46.619950 8.727937 250000 701 481 
dhm25/MM1233.MLT 46.617135 8.956368 250000 701 481 
dhm25/MM1234.MLT 46.613861 9.184772 250000 701 481 
dhm25/MM1235.MLT 46.610129 9.413147 250000 701 481 
dhm25/MM1236.MLT 46.605939 9.641489 250000 701 481 
dhm25/MM1237.MLT 46.601291 9.869792 250000 701 481 
dhm25/MM1238.MLT 46.596184 10.098055 250000 701 481 
dhm25/MM1240.MLT 46.510057 5.989065 250000 701 481 
dhm25/MM1241.MLT 46.512736 6.217046 250000 701 481 
dhm25/MM1242.MLT 46.514958 6.445049 250000 701 481 
dhm25/MM1243.MLT 46.516722 6.673069 250000 701 481 
dhm25/MM1244.MLT 46.518029 6.901102 250000 701 481 
dhm25/MM1245.MLT 46.518878 7.129144 250000 701 481 
dhm25/MM1246.MLT 46.519270 7.357191 250000 701 481 
dhm25/MM1247.MLT 46.519205 7.585240 250000 701 481 
dhm25/MM1248.MLT 46.518682 7.813286 250000 701 481 
dhm25/MM1249.MLT 46.517702 8.041326 250000 701 481 
dhm25/MM1250.MLT 46.516265 8.269355 250000 701 481 
dhm25/MM1251.MLT 46.514370 8.497371 250000 701 481 
dhm25/MM1252.MLT 46.512018 8.725368 250000 701 481 
dhm25/MM1253.MLT 46.509208 8.953343 250000 701 481 
dhm25/MM1254.MLT 46.505941 9.181293 250000 701 481 
dhm25/MM1255.MLT 46.502216 9.409212 250000 701 481 
dhm25/MM1256.MLT 46.498035 9.637098 250000 701 481 
dhm25/MM1257.MLT 46.493395 9.864947 250000 701 481 
dhm25/MM1258.MLT 46.488299 10.092754 250000 701 481 
dhm25/MM1260.MLT 46.402128 5.991947 250000 701 481 
dhm25/MM1261.MLT 46.404812 6.219476 250000 701 481 
dhm25/MM1262.MLT 46.407019 6.447025 250000 701 481 
dhm25/MM1263.MLT 46.408780 6.674591 250000 701 481 
dhm25/MM1264.MLT 46.410084 6.902171 250000 701 481 
dhm25/MM1265.MLT 46.410932 7.129759 250000 701 481 
dhm25/MM1266.MLT 46.411323 7.357353 250000 701 481 
dhm25/MM1267.MLT 46.411258 7.584948 250000 701 481 
dhm25/MM1268.MLT 46.410736 7.812541 250000 701 481 
dhm25/MM1269.MLT 46.409758 8.040127 250000 701 481 
dhm25/MM1270.MLT 46.408323 8.267703 250000 701 481 
dhm25/MM1271.MLT 46.406432 8.495265 250000 701 481 
dhm25/MM1272.MLT 46.404085 8.722809 250000 701 481 
dhm25/MM1273.MLT 46.401281 8.950331 250000 701 481 
dhm25/MM1274.MLT 46.398020 9.177827 250000 701 481 
dhm25/MM1275.MLT 46.394303 9.405293 250000 701 481 
dhm25/MM1276.MLT 46.390130 9.632725 250000 701 481 
dhm25/MM1277.MLT 46.385500 9.860120 250000 701 481 
dhm25/MM1278.MLT 46.380413 10.087474 250000 701 481 
dhm25/MM1280.MLT 46.294199 5.994818 250000 701 481 
dhm25/MM1281.MLT 46.296868 6.221895 250000 701 481 
## dhm25/MM1283.MLT 46.300838 6.676108 250000 701 481 # nur 61x481 
dhm25/MM1284.MLT 46.302139 6.903235 250000 701 481 
dhm25/MM1285.MLT 46.302985 7.130372 250000 701 481 
dhm25/MM1286.MLT 46.303376 7.357514 250000 701 481 
dhm25/MM1287.MLT 46.303311 7.584658 250000 701 481 
dhm25/MM1288.MLT 46.302790 7.811799 250000 701 481 
dhm25/MM1289.MLT 46.301814 8.038934 250000 701 481 
dhm25/MM1290.MLT 46.300382 8.266058 250000 701 481 
dhm25/MM1291.MLT 46.298495 8.493168 250000 701 481 
dhm25/MM1292.MLT 46.296152 8.720261 250000 701 481 
dhm25/MM1293.MLT 46.293353 8.947331 250000 701 481 
dhm25/MM1294.MLT 46.290099 9.174375 250000 701 481 
dhm25/MM1296.MLT 46.282225 9.628370 250000 701 481 
dhm25/MM1298.MLT 46.272528 10.082215 250000 701 481 
dhm25/MM1300.MLT 46.186271 5.997678 250000 701 481 
dhm25/MM1301.MLT 46.188934 6.224305 250000 701 481 
dhm25/MM1304.MLT 46.194195 6.904296 250000 701 481 
dhm25/MM1305.MLT 46.195039 7.130983 250000 701 481 
dhm25/MM1306.MLT 46.195429 7.357675 250000 701 481 
dhm25/MM1307.MLT 46.195364 7.584369 250000 701 481 
dhm25/MM1308.MLT 46.194844 7.811060 250000 701 481 
dhm25/MM1309.MLT 46.193870 8.037745 250000 701 481 
## dhm25/MM1310.MLT 46.192441 8.264420 250000 701 481 # nur 61x481 
dhm25/MM1311.MLT 46.190558 8.491080 250000 701 481 
dhm25/MM1312.MLT 46.188219 8.717722 250000 701 481 
dhm25/MM1313.MLT 46.185427 8.944343 250000 701 481 
dhm25/MM1314.MLT 46.182179 9.170937 250000 701 481 
dhm25/MM1324.MLT 46.086251 6.905352 250000 701 481 
dhm25/MM1325.MLT 46.087094 7.131591 250000 701 481 
dhm25/MM1326.MLT 46.087483 7.357835 250000 701 481 
dhm25/MM1327.MLT 46.087418 7.584081 250000 701 481 
dhm25/MM1328.MLT 46.086899 7.810324 250000 701 481 
dhm25/MM1329.MLT 46.085927 8.036561 250000 701 481 
dhm25/MM1332.MLT 46.080288 8.715194 250000 701 481 
dhm25/MM1333.MLT 46.077500 8.941367 250000 701 481 
dhm25/MM1334.MLT 46.074259 9.167513 250000 701 481 
dhm25/MM1344.MLT 45.978309 6.906403 250000 701 481 
dhm25/MM1345.MLT 45.979150 7.132196 250000 701 481 
dhm25/MM1346.MLT 45.979538 7.357994 250000 701 481 
dhm25/MM1347.MLT 45.979473 7.583794 250000 701 481 
dhm25/MM1348.MLT 45.978956 7.809591 250000 701 481 
dhm25/MM1349.MLT 45.977985 8.035382 250000 701 481 
dhm25/MM1352.MLT 45.972357 8.712677 250000 701 481 
dhm25/MM1353.MLT 45.969576 8.938403 250000 701 481 
dhm25/MM1365.MLT 45.871207 7.132799 250000 701 481 
dhm25/MM1366.MLT 45.871594 7.358153 250000 701 481 
dhm25/MM1373.MLT 45.861652 8.935451 250000 701 481 
dhm25/MM1374.MLT 45.858424 9.160707 250000 701 481 
dhm25/MM1159.MLT 47.022103 10.349528 250000 701 481 
dhm25/MM1179.MLT 46.914234 10.343679 250000 701 481 
dhm25/MM1199.MLT 46.806364 10.337853 250000 701 481 
dhm25/MM1219.MLT 46.698492 10.332051 250000 701 481 
dhm25/MM1239.MLT 46.590619 10.326271 250000 701 481 
dhm25/MM2180.MLT 46.908175 10.573224 250000 701 481 
dhm25/MM2200.MLT 46.800317 10.566937 250000 701 481 
dhm25/MM2220.MLT 46.692457 10.560676 250000 701 481 
dhm25/MM2240.MLT 46.584595 10.554439 250000 701 481 
